x,y
-0.24,4.2154945196
-0.5,4.4746446305
-0.15,4.1721865634
-0.38,4.3658639803
-0.87,4.8728898389
-0.36,4.3246387493
-0.12,4.1078089683
-0.81,4.807633986
-0.25,4.2461215147
-0.05,4.0696331907
-0.16,4.1123757338
-0.16,4.1353290206
-0.24,4.2460323899
-0.39,4.3940049976
-0.54,4.4843753838
-0.6,4.6169900319
-0.26,4.2692832418
-0.73,4.704052055
-0.29,4.2934092408
-0.31,4.2530895192
-0.68,4.6902934339
-0.87,4.8499484703
-0.58,4.5704310305
-0.54,4.505921991
-0.84,4.8302772202
-0.58,4.5705752706
-0.49,4.4795883341
-0.2,4.2434226432
-0.9,4.9468488281
-0.48,4.4803970696
-0.04,4.0708132338
-0.25,4.2199239907
-0.42,4.4233151664
-0,4.0032908944
-0.6,4.6192303698
-0.93,4.9117716423
-0.39,4.3945358014
-0.07,4.0599606961
-0.21,4.2259015942
-0.68,4.6118044414
-0.84,4.8502778957
-0,3.9871368911
-0.58,4.6194273962
-0.19,4.2196033347
-0.36,4.3366194193
-0.19,4.1760946242
-0.59,4.585630564
-0.51,4.5282390762
-0.19,4.221363481
-0.33,4.3507467353
-0.85,4.8618822311
-0.44,4.4263227697
-0.05,4.0409817744
-0.59,4.612229864
-0.14,4.1770677576
-0.09,4.1185312574
-0.75,4.8023051695
-0.69,4.6264931741
-0.1,4.096168598
-0.17,4.2002797699
-0.58,4.617510743
-0.74,4.7161010303
-0.21,4.2377154623
-0.51,4.5190142035
-0.19,4.2266073682
-0.5,4.5002897927
-0.24,4.2668794368
-0,4.003769119
-0.12,4.06806419
-0.75,4.7733986001
-0.21,4.2890260209
-0.64,4.667346608
-0.05,4.0070751064
-0.58,4.5707748383
-0.32,4.2841453196
-0.41,4.4446272123
-0.07,4.07459606
-0.04,4.0231670811
-0.05,4.0492854619
-0.49,4.5250336074
-0.9,4.9119109623
-0.03,4.0848916433
-0.11,4.0696337197
-0.32,4.3197989959
-0.83,4.814281205
-0.25,4.2262365422
-0.83,4.7852505087
-0.26,4.2580714057
-0.76,4.7351081775
-0.95,4.91775467
-0.53,4.4921863516
-0.77,4.8050445387
-0.42,4.5005636123
-0.25,4.2546292549
-0.54,4.5532164264
-0.55,4.591244888
-0,4.0110068669
-0.73,4.7198020786
-0.35,4.3013666408
-0.86,4.8388427405
-0.9,4.8991004752
-0.13,4.0833565458
-0.46,4.4788388961
-0.46,4.4500397413
-0.32,4.3115664574
-0.08,4.0919037568
-0.71,4.7483135003
-0.28,4.3023177607
-0.24,4.2421914027
-0.56,4.5787219151
-0.49,4.5061728392
-0.79,4.7867470043
-0.9,4.86236707
-0.89,4.8910409255
-0.41,4.4326595082
-0.27,4.2668273277
-0.58,4.5946383041
-0.26,4.2890055826
-0.31,4.31300416
-0.7,4.711433266
-0.71,4.684739206
-0.39,4.3998238856
-0.07,4.0407577614
-0.48,4.4785817542
-0.56,4.5120390217
-0.45,4.439367213
-0.41,4.3813626679
-0.03,4.0357466163
-0.37,4.364139958
-0.24,4.2221908523
-0.68,4.635312572
-0.47,4.4986702787
-0.27,4.2153140009
-0.68,4.6405710234
-0.74,4.7077549842
-0.95,4.9215749762
-0.79,4.8122259156
-0.21,4.2510114067
-0.95,4.9408853397
-0.54,4.5325166165
-0.56,4.5916236621
-0.8,4.7524148428
-0.26,4.2822325833
-0.25,4.2533323728
-0.08,4.063646157
-0.95,4.954609216
-0.94,4.8864183756
-0.54,4.5870318693
-0.07,4.0681549128
-0.99,4.9940394676
-0.36,4.3277049249
-0.48,4.470586788
-0.65,4.6053321778
-0.42,4.4030929858
-0.93,4.8942222685
-0.86,4.8682132066
-0.26,4.2611697543
-0.51,4.5326657596
-1,4.9662327888
-0.94,4.9578441027
-0.06,4.0604728669
-0.24,4.2447387908
-0.75,4.7596844763
-0.07,4.0382938101
-0.53,4.5251703683
-0.73,4.7280457527
-0.16,4.1410999096
-0.8,4.8086087062
-0.77,4.7701988215
-0.89,4.8626972444
-0.8,4.7713735466
-0.55,4.5147649476
-0.19,4.1734557531
-0.56,4.5772853572
-0.47,4.4415029394
-0.56,4.5924362743
-0.02,3.9894672439
-0.82,4.8679002254
-0.57,4.6014031858
-0.44,4.4404222058
-0.26,4.245227488
-0.52,4.5295305521
-0.41,4.4316133498
-0.44,4.4567562576
-0.03,3.971692505
-0.31,4.2919693178
-0.97,4.9649812401
-0.21,4.225453232
-0.17,4.2010741433
-0.07,4.0403543025
-0.61,4.6114568518
-0.1,4.1397163653
-0.52,4.5534529893
-0.1,4.1218441166
-0.65,4.6400077658
-0.71,4.703188322
-0.04,3.9906310495
-0.24,4.1891422276
-0.26,4.2387590331
-0.51,4.475775361
-0.42,4.432736092
-0.62,4.6648278755
-0.74,4.7572605529
-0.77,4.8059643338
-0.03,3.9776412015
-0.5,4.4704654956
-0.24,4.2159635575
-0.37,4.3287558963
-0.58,4.5795782956
-0.52,4.5224760027
-0.27,4.2458286902
-0.14,4.1212573805
-1,5.000158026
-0.72,4.7404682658
-0.05,4.0161194747
-0.71,4.7036836307
-0.54,4.5226831735
-0.84,4.831286166
-0.42,4.4364765048
-0.54,4.4944785426
-0.74,4.726356699
-0.54,4.5278130641
-0.53,4.5711195136
-0.78,4.791050629
-0.97,5.016228548
-0.49,4.535825402
-0.71,4.6892139297
-0.48,4.469666961
-0.51,4.5102642868
-0.89,4.8552073551
-0.99,4.9951685756
-0.93,4.9463911256
-0.49,4.4678357742
-0.18,4.2121321959
-0.65,4.5837266004
-0.83,4.8722059677
-1,5.024967859
-0.41,4.4388314335
-0.52,4.5306655757
-0.29,4.2633464785
-0.97,4.9852008934
-0.07,4.0940049758
-0.51,4.5294026699
-0.58,4.5383020877
-0.5,4.4594511142
-0.67,4.650132736
-0.89,4.865069584
-0.76,4.7563280796
-0.35,4.3678035027
-0.99,5.005328916
-0.31,4.2904466136
-0.52,4.5170352433
-0.11,4.0919995472
-0.66,4.7170015848
-0.5,4.4982634062
-0.39,4.3749971096
-0.6,4.5365084683
-0.35,4.3392561965
-0.53,4.4992639685
-0.14,4.0814815426
-0.49,4.4972359037
-0.16,4.1616712757
-0.76,4.7530033002
-0.13,4.0957736857
-0.51,4.4838088357
-0.7,4.7295331671
-0.98,4.9259573853
-0.86,4.8885523586
-1,4.9900361771
-0.46,4.4509439571
-0.51,4.4694362684
-0.5,4.4833449605
-0.91,4.9492329574
-0.48,4.4778165248
-0.81,4.8128960746
-0.38,4.3783155021
-0.4,4.3969185252
-0.79,4.7692664854
-0.96,4.8802990531
-0.6,4.5699178872
-0.7,4.7258929383
-0.44,4.4498103442
-0.11,4.1199017641
-0.06,4.0191951333
-0.05,4.0162882607
-0.72,4.6627746655
-0.55,4.5753887255
-0.95,4.9470291077
-0.41,4.4121469904
-0.25,4.2504169243
-0.01,4.0377820991
-0.55,4.5050711779
-0.04,4.0968240849
-0.48,4.4888147608
-0.55,4.5440348599
-0.75,4.7170233156
-0.68,4.6935848388
-1,4.9998491591
-0.25,4.2603323718
-0.75,4.7548910307
-0.34,4.3659623056
-0.38,4.4095102191
-0.92,4.8678316267
-0.21,4.1550701184
-0.88,4.8586077871
-0.75,4.7920610113
-0.76,4.8080643766
-0.44,4.4859717283
-0.1,4.1393415049
-0.21,4.273051179
-0.16,4.1400226297
-0.32,4.3367416
-0.13,4.1311612884
-0.26,4.2476649193
-0.7,4.7368477876
-0.77,4.7753149541
-0.77,4.7624503196
-0.88,4.880578931
-0.35,4.3502445799
-0.24,4.2165857739
-0.17,4.1733681562
-0.91,4.9436778957
-0.32,4.3343396307
-0.36,4.3252179399
-0.89,4.9057741298
-0.69,4.7125634126
-0.3,4.3123212856
-0.06,4.0539884006
-0.22,4.1856241391
-0.67,4.7197121038
-0.09,4.0522575957
-0.74,4.735964342
-0.5,4.4976948983
-0.85,4.8269087513
-0.03,4.0165230909
-0,3.9616334786
-0.59,4.6203811556
-0.62,4.6126514581
-0.17,4.1324991628
-0.9,4.8861672694
-0.23,4.2113655528
-0.19,4.2385017475
-0.93,4.9201203405
-0.14,4.1026712261
-0.58,4.5414681616
-0.87,4.8700645713
-0.37,4.3769447352
-0.2,4.1962278654
-0.35,4.3478561007
-0.63,4.6203190983
-0.56,4.5267003801
-0.62,4.5809031476
-0.98,4.9719448821
-0.9,4.9050155298
-0.51,4.505123462
-0.93,4.9445211871
-0.22,4.2110794636
-0.38,4.3736298431
-0.13,4.1028574844
-0.98,4.9604932416
-0.99,5.000953697
-0.31,4.306063167
-0.94,4.9619000542
-0.73,4.7130828034
-0.37,4.3459311043
-0.23,4.1902332876
-0.11,4.1076669688
-0.88,4.905799868
-0.47,4.4871787679
-0.79,4.7874139764
-0.91,4.8523492274
-0.71,4.7165789964
-0.1,4.0893899055
-0.39,4.3989606046
-0.92,4.9185091116
-0.99,4.9911200375
-0.28,4.2622196486
-0.32,4.3321584226
-0.32,4.3572392691
-0.75,4.7688604495
-0.99,4.9930874567
-0.27,4.2577161074
-0.64,4.6785169407
-0.98,4.9850371084
-0.38,4.3111331895
-0.46,4.4551171028
-0.13,4.1265537808
-0.96,4.9556065366
-0.09,4.0952643164
-0.34,4.3610893209
-0.49,4.4643628318
-0.01,3.9616001888
-0.5,4.4897302037
-0.94,4.9325305499
-0.27,4.2347650968
-0.2,4.1713551132
-0.12,4.1455896144
-0.45,4.4153992729
-0.91,4.9164730552
-0.61,4.6616652565
-0.1,4.0923085749
-0.47,4.4741377893
-0.33,4.3476441561
-0.84,4.8610796637
-0.24,4.2181267954
-0.48,4.4889963951
-0.48,4.4678108638
-0.09,4.1291328547
-0.93,4.9455203143
-0.99,4.9497068753
-0.08,4.0237917248
-0.2,4.2147982988
-0.38,4.3579795462
-0.78,4.820763803
-0.81,4.7887097714
-0.42,4.472492425
-0.95,4.9618852325
-0.78,4.7838491927
-0.44,4.4294274064
-0.68,4.6443231595
-0.87,4.8421191485
-0.58,4.573069783
-0.52,4.5252101436
-0.26,4.257440243
-0.75,4.7542283401
-0.48,4.5362523007
-0.71,4.7514466308
-0.77,4.7412151511
-0.34,4.3624807243
-0.24,4.2021665898
-0.7,4.6694758118
-0.29,4.3407278254
-0.76,4.7313850045
-0.98,4.9285929155
-0.28,4.2836793808
-0.87,4.8559308727
-0.09,4.1068453755
-0.87,4.8610708624
-0.33,4.3322031418
-0.64,4.6609563422
-0.17,4.1930486546
-0.49,4.4884542083
-0.95,4.9373176312
-0.75,4.7545758614
-0.89,4.9124239226
-0.81,4.8715690853
-0.25,4.2553752833
-0.47,4.4606629478
-0.5,4.4965277661
-0.05,4.0738224417
-0.68,4.7111189935
-0.84,4.8350570521
-0.08,4.0879113989
-0.41,4.3330638903
-0.26,4.2640362524
-0.89,4.9172960726
-0.78,4.8253030719
-0.34,4.3667762733
-0.92,4.8698450355
-0.27,4.3234784175
-0.12,4.1678353974
-0.02,4.0157658438
-0.22,4.174618141
-0,4.0211611303
-0.26,4.2434804332
-0.5,4.4829491198
-0.84,4.8552145453
-0.7,4.7371434779
-0.66,4.6315189497
-0.42,4.3846213684
-0.19,4.1947100788
-0.94,4.9407428225
-0.71,4.6792051286
-0.19,4.2258096241
-0.16,4.1601629889
-0.49,4.4843307886
-0.29,4.296673599
-0.29,4.2665566328
-0.86,4.8628206739
-0.5,4.5082304924
-0.86,4.8857251713
-0.3,4.3259980745
-0.23,4.2102469368
-0.2,4.2072894979
-0.16,4.2038051187
-0.57,4.5725180153
-0.08,4.0696753705
-0.08,4.10240085
-0.62,4.6494841088
-0.55,4.5535893915
-0.3,4.3124365589
-0.86,4.9072048818
-0.62,4.58750127
-0.51,4.5585003198
-0.61,4.6019925869
-0.86,4.8503295412
-0.61,4.6038823085
-0.21,4.1844679787
-0.81,4.8218839247
-0.97,4.942963344
-0.05,4.0768202459
-0.61,4.6101858089
-0.47,4.5360562216
-0.98,4.9447728801
-0.3,4.279645947
-0.63,4.6255662585
-0,4.0140625441
-1,5.017003412
-0.18,4.1384973988
-0.3,4.2899769315
-0.98,4.9904315693
-0.16,4.1556135514
-0.22,4.2463528393
-0.55,4.5398393374
-0.43,4.4291449728
-0.75,4.7429662112
-0.91,4.9117012883
-0.46,4.4942440876
-0.85,4.8247683519
-0.55,4.5615303953
-0.36,4.3717063131
-0.49,4.4636928662
-0.94,4.9702383456
-0.43,4.4083182104
-0.22,4.2408498313
-0.37,4.4114386358
-0.24,4.2197388066
-0.95,5.00740897
-0.61,4.6119971596
-0.75,4.7439517002
-0.68,4.6904377173
-0.58,4.5668718792
-0.05,4.0586039172
-0.53,4.5572021356
-0.8,4.7922021816
-0.83,4.8630177517
-0.25,4.2526971886
-0.34,4.3633294447
-0.26,4.2765574228
-0.9,4.9479690531
-0.6,4.5867366671
-0.49,4.5615934471
-0.19,4.1840919388
-0.92,4.8626936988
-0.29,4.2659436195
-0.08,4.0845252016
-0.57,4.5618131518
-0.29,4.2765452669
-0.19,4.2087391785
-0.81,4.7783354439
-0.5,4.5001787825
-0.15,4.0929085626
-0.7,4.750284725
-0.39,4.383037698
-0.43,4.4470786405
-0.21,4.2251016575
-0.98,5.024959452
-0.86,4.8676845244
-0.16,4.1389748578
-0.25,4.2481824269
-0.31,4.3394224862
-0.93,4.9226970059
-0.67,4.6873365081
-0.49,4.4738516883
-0.25,4.3237576914
-0.88,4.8767388681
-0.54,4.5457648371
-0.21,4.1806450222
-0.08,4.0789653984
-0.32,4.3500341078
-0.35,4.3672823317
-0.67,4.6584975426
-0.9,4.8959295492
-0.59,4.6169026202
-0.15,4.1160499315
-0.67,4.710826803
-0.42,4.4371901164
-0.44,4.4157421008
-0.77,4.7425552425
-0.68,4.6628310437
-0.36,4.3662438077
-0.11,4.1032374866
-0.1,4.0715645766
-0.65,4.6788603132
-0.98,5.011097591
-0.98,4.986132033
-0.49,4.5019083844
-0.31,4.2783896261
-0.56,4.559249564
-0.7,4.7647340872
-0.91,4.9205756378
-0.25,4.2735245439
-0.54,4.5532083476
-0.39,4.4139990349
-0.91,4.9359057024
-0.03,4.0529705403
-0.22,4.2101429422
-0.02,4.0226705945
-0.02,3.998781395
-0.65,4.6649546208
-0.71,4.7383637687
-0.42,4.4210140878
-0.76,4.7735135732
-0.43,4.4102251779
-0.08,4.1475305272
-0.86,4.8328199022
-0.87,4.8993374342
-0.03,4.0228657169
-0.58,4.5561421297
-0.62,4.6215313408
-0.89,4.8955803528
-0.95,4.9400291863
-0.28,4.2678023848
-0,3.9923546237
-0.01,4.00282866
-0.49,4.4426800515
-0.21,4.1985174138
-0.46,4.4715960005
-0.11,4.0835936657
-0.89,4.9208157084
-0.37,4.4188734051
-0.29,4.305413129
-0.44,4.4687654473
-0.96,4.9635659485
-0.16,4.179170699
-0.74,4.7167949917
-0.35,4.3264997554
-0.42,4.3934482965
-0.16,4.1703401999
-0.56,4.5287524074
-0.18,4.1585414849
-1,5.088716183
-0.54,4.4930477253
-0.92,4.894749477
-0.63,4.6367348242
-0.81,4.8378410946
-0.73,4.7351136922
-0.48,4.4680297244
-0.01,4.058099468
-0.85,4.8523027975
-0.14,4.1058213964
-0.25,4.2137698317
-0.45,4.460537745
-0.98,4.952389253
-0.97,4.9415149206
-0.58,4.5454868046
-0.93,4.8736260449
-0.88,4.8847741598
-0.89,4.8448045678
-0.47,4.4879647071
-0.06,4.1076675683
-0.34,4.3048882921
-0.3,4.2976846185
-0.16,4.1351574749
-0.86,4.8612955884
-0.4,4.4330022747
-0.52,4.5192110232
-0.15,4.1649185287
-0.04,4.0799807343
-0.95,4.9766689567
-0.99,4.8980545367
-0.35,4.3807166567
-0.58,4.6027852322
-0.1,4.0670919576
-0.16,4.1835488924
-0.53,4.5637058203
-0.58,4.6280064204
-0.42,4.4125155632
-0.24,4.1942637541
-0.84,4.8288935804
-0.64,4.6361364981
-0.12,4.1129627199
-0.61,4.6002274882
-0.75,4.7260339326
-0.15,4.1187964573
-1,5.007012737
-0.43,4.4512420809
-0.13,4.1481106804
-0.48,4.4809368034
-0.45,4.4229145672
-0.52,4.5273389794
-0.34,4.3672396986
-0.3,4.2864535198
-0.65,4.6216675273
-1,4.9558459518
-0.67,4.6604325304
-0.99,4.999566225
-0.45,4.4614941984
-0.87,4.8913754963
-0.73,4.6971787806
-0.09,4.1231736648
-0.81,4.7820296268
-0.72,4.7130995371
-0.81,4.8145544709
-0.58,4.5859500642
-0.93,4.9462509374
-0.82,4.8860376995
-0.66,4.6364868529
-0.97,4.949752655
